run.thisRepN,run.thisTrialN,run.thisN,run.thisIndex,participant,session,First language,German level,date,expName,psychopyVersion,frameRate,
